buffalotrace 0.874235 0.530891 0.249378 0.816210
buffalotrace 0.632148 0.547360 0.156621 0.605983
buffalotrace 0.558329 0.527797 0.059253 0.346769
beefeater 0.874235 0.530891 0.249378 0.816210
beefeater 0.128568 0.519462 0.231424 0.799908
beefeater 0.632148 0.547360 0.156621 0.605983
beefeater 0.413458 0.569196 0.198875 0.586034
beefeater 0.558329 0.527797 0.059253 0.346769
martinirosso 0.874235 0.530891 0.249378 0.816210
martinirosso 0.128568 0.519462 0.231424 0.799908
martinirosso 0.632148 0.547360 0.156621 0.605983
martinirosso 0.413458 0.569196 0.198875 0.586034
martinirosso 0.558329 0.527797 0.059253 0.346769
