midori 0.445837 0.207875 0.043711 0.119933
maraschino 0.451347 0.537558 0.041115 0.140719
wildturkey_8y 0.585252 0.206722 0.048117 0.119243
johnnieblack 0.728146 0.280048 0.040433 0.119364
blackbottle 0.658574 0.482614 0.052634 0.112091
wildturkey_101 0.713180 0.474865 0.050973 0.125442
peachtree 0.017318 0.489415 0.034511 0.118169
hendricks 0.392511 0.380909 0.050854 0.080240
johnniered 0.659736 0.281184 0.040199 0.116194
johnnieblack 0.855418 0.276805 0.046015 0.123521
tanquerayten 0.337115 0.364723 0.047510 0.113127
bombay 0.554285 0.368928 0.042590 0.104833
johnnieblack 0.917121 0.276086 0.049162 0.126243
hendricks 0.452022 0.375900 0.050091 0.090672
beefeater 0.602975 0.365909 0.040180 0.110198
stgermain 0.496765 0.547999 0.044330 0.120111
buffalotrace 0.923731 0.481135 0.052253 0.109049
bluecuracao 0.806344 0.671789 0.171395 0.494090
