diplomatico 0.299304 0.379007 0.129319 0.236615
captainmorganspicedgold 0.553759 0.626774 0.103988 0.289756
captainmorganspicedgold 0.658046 0.633222 0.108749 0.298012
bacardi_white 0.461971 0.871795 0.127446 0.255269
havanaclubañejo3años 0.154824 0.858050 0.145227 0.283356
bacardiblack 0.573041 0.866694 0.117317 0.265556
havanaclubanejoespecial 0.248823 0.866982 0.128134 0.264834
havanaclubanejo7anos 0.358177 0.626570 0.115816 0.266020
captainmorganspicedgold 0.455215 0.624658 0.108972 0.285362
bacardi_gold 0.354676 0.846341 0.127621 0.305436
camus_xo 0.468339 0.379796 0.221617 0.238061
