cointreau 0.277064 0.690419 0.137684 0.334972
malibu 0.676156 0.624350 0.141913 0.490873
absolutevodka 0.833641 0.664957 0.157843 0.454482
southercomfort 0.538510 0.635146 0.125652 0.433171
bluecuracao 0.410817 0.622827 0.125152 0.449796
wildturkey 0.524884 0.110075 0.033625 0.113231
makersmark 0.450833 0.115984 0.043578 0.102746
kahlua 0.455031 0.430224 0.035658 0.117836
jackdaniel 0.594094 0.110600 0.035227 0.112652
wildturkey_101 0.488407 0.111825 0.034052 0.111459
disaronno 0.336396 0.123451 0.047244 0.090396
bluecuracao 0.662804 0.103061 0.038575 0.126409
bombay 0.372363 0.440326 0.031395 0.098066
