aperol 0.469111 0.752795 0.077454 0.239650
aperol 0.557709 0.752704 0.076338 0.234403
aperol 0.648310 0.752377 0.077763 0.237490
aperol 0.384344 0.754260 0.077607 0.234443
aperol 0.745038 0.755785 0.081610 0.239628
aperol 0.301222 0.754247 0.077552 0.234683
aperol 0.562208 0.467157 0.079651 0.229489
aperol 0.650633 0.465406 0.078825 0.233673
aperol 0.468576 0.468406 0.077743 0.228556
campari 0.187679 0.749086 0.076605 0.257291
campari 0.022014 0.749164 0.043746 0.256562
campari 0.089863 0.749539 0.083462 0.258752
campari 0.060395 0.168893 0.084750 0.240724
aperol 0.648412 0.177090 0.079783 0.228088
aperol 0.386618 0.190333 0.081021 0.199640
campari 0.946324 0.464965 0.085969 0.235570
campari 0.938158 0.752781 0.073529 0.246765
campari 0.163570 0.167266 0.082499 0.244824
campari 0.945729 0.175581 0.082014 0.236858
aperol 0.295217 0.469408 0.081257 0.228833
aperol 0.381963 0.467491 0.080160 0.232456
aperol 0.563148 0.178786 0.081295 0.224915
campari 0.167728 0.472806 0.079071 0.222249
campari 0.864762 0.752688 0.061828 0.246912
aperol 0.473363 0.179952 0.081735 0.222037
aperol 0.729708 0.180522 0.088608 0.223721
campari 0.869503 0.462785 0.064342 0.238775
campari 0.873619 0.174835 0.061413 0.236018
aperol 0.744964 0.483889 0.080343 0.198691
aperol 0.296982 0.182938 0.084151 0.216690
