cachaca51 0.690015 0.507459 0.140611 0.551951
bacardi_gold 0.525159 0.503016 0.135762 0.553709
fireball 0.301236 0.557778 0.195243 0.466970
jameson 0.117624 0.654755 0.178477 0.340346
peachtree 0.437921 0.321003 0.043297 0.137109
xrated 0.255186 0.107670 0.045104 0.172632
buffalotrace 0.404830 0.124544 0.048188 0.134180
kahlua 0.393213 0.322958 0.051042 0.135917
grandmarnier 0.617233 0.130861 0.048317 0.113938
kwaifeh 0.208308 0.130482 0.051836 0.128352
hpnotiq 0.289821 0.117350 0.031354 0.151318
benedictine 0.563099 0.123746 0.054486 0.131463
midori 0.321907 0.115051 0.034673 0.152876
