chartreusegreen 0.249511 0.617020 0.175169 0.515342
hendricks 0.694024 0.698353 0.187525 0.331576
plantationoriginaldark 0.860411 0.599921 0.049584 0.126585
blackbottle 0.670155 0.426699 0.053400 0.109104
bacardi_white 0.912219 0.602113 0.043662 0.122050
kwaifeh 0.209122 0.240953 0.057214 0.105834
benedictine 0.364008 0.504553 0.054546 0.100010
peachtree 0.138975 0.429451 0.054540 0.116784
johnniered 0.667298 0.226334 0.041331 0.117985
buffalotrace 0.915205 0.427143 0.051268 0.106033
johnnieblack 0.856635 0.223382 0.047123 0.125202
johnnieblack 0.737206 0.225723 0.040787 0.120079
drambuie 0.590672 0.503116 0.050363 0.085478
johnnieblack 0.920829 0.222783 0.052004 0.127115
tanquerayten 0.353686 0.307086 0.044798 0.113532
disaronno 0.974170 0.683980 0.050718 0.089346
bombay 0.542053 0.315338 0.038292 0.098295
