jimbeam 0.831774 0.544242 0.153062 0.542151
bacardi_white 0.249284 0.510633 0.185492 0.719070
bombay 0.082743 0.593084 0.164798 0.583422
jackdaniel 0.430070 0.553133 0.187932 0.600301
bacardi_white 0.770487 0.923474 0.099671 0.152139
bacardi_white 0.661711 0.930634 0.091330 0.137713
bacardi_white 0.321786 0.948499 0.075149 0.102165
bacardi_white 0.873041 0.918464 0.110845 0.162397
bacardi_white 0.023608 0.964984 0.046460 0.069211
bacardi_white 0.532132 0.936633 0.090671 0.125808
bacardi_white 0.179163 0.956307 0.065701 0.086463
bacardi_white 0.460746 0.941583 0.062826 0.116141
